++++++++++++++++++++CONFIG++++++++++++++++++++
'vision_impairing_brightness' : ['yes','no']
'weather' : ['rainy','snowy','clear','overcast','partly cloudy','foggy','undefined']
'time_of_day' : ['twilight','daytime','nighttime','undefined']
'land_use' : ['urban area','rural area','suburban area','industrial area','nature']
'urban_environment' : ['tunnel', 'residential area', 'parking lot', 'city street', 'gas station', 'highway', 'undefined']
'person' : ['yes', 'no']
'traffic_sign_for_ego-vehicle' : ['yes', 'no']
'traffic_light_for_ego-vehicle' : ['yes', 'no']
'number_of_vulnerable_road_users' : ['none','few','several','many']
'road_condition' : ['dry road','wet road','snowy road','icy road','muddy road']
'street_configuration' : ['one way street','two way street'] 
'lanemarks' : ['normal lanemarks','crosswalk','bus lane','no lanemarks']
'number_of_lanes' : ['0','1','2','3','4','5','6']
'traffic_scene' : ['free-flowing traffic','congested traffic','traffic accident','construction zone']
'road_intersection' : ['yes','no']
'vehicle_maneuver' : ['moving forward','stopping','turning','lane changing','parking']
++++++++++++++++++++LABELS++++++++++++++++++++
munich_dataset_v2_rosbag2_2023_05_26-12_16_44_rosbag2_2023_05_26-12_16_44_12_pylon_camera_448.jpg = [1,3,1,2,3,0,0,1,2,0,1,3,2,0,0,0]
munich_dataset_v3_rosbag2_2023_07_20-16_14_51_rosbag2_2023_07_20-16_14_51_0_cam_fc_66.jpg         = [1,2,1,2,3,1,1,1,0,0,1,4,2,0,1,0]
munich_dataset_v3_rosbag2_2023_07_20-16_14_51_rosbag2_2023_07_20-16_14_51_2_cam_fc_66.jpg         = [1,2,1,2,3,1,0,1,0,0,1,0,2,0,1,1]
munich_dataset_v3_rosbag2_2023_07_20-16_14_51_rosbag2_2023_07_20-16_14_51_3_cam_fc_68.jpg         = [1,2,1,2,3,0,0,1,2,0,1,0,2,0,1,0]
munich_dataset_v3_rosbag2_2023_07_20-16_14_51_rosbag2_2023_07_20-16_14_51_10_cam_fc_66.jpg        = [1,2,1,0,2,0,1,1,1,0,0,3,1,0,1,0]
munich_dataset_v3_rosbag2_2023_07_20-16_14_51_rosbag2_2023_07_20-16_14_51_12_cam_fc_66.jpg        = [1,2,1,2,1,1,0,1,0,0,1,3,2,0,0,0]
munich_dataset_v3_rosbag2_2023_07_20-16_14_51_rosbag2_2023_07_20-16_14_51_13_cam_fc_66.jpg        = [1,2,1,2,2,1,1,1,1,0,0,3,1,0,0,0]
munich_dataset_v3_rosbag2_2023_07_20-16_14_51_rosbag2_2023_07_20-16_14_51_15_cam_fc_66.jpg        = [1,2,1,2,3,1,1,1,0,0,0,3,1,0,1,0]
munich_dataset_v3_rosbag2_2023_07_20-16_14_51_rosbag2_2023_07_20-16_14_51_16_cam_fc_66.jpg        = [1,2,1,2,3,1,0,1,0,0,1,0,2,0,0,0]
munich_dataset_v3_rosbag2_2023_07_20-16_14_51_rosbag2_2023_07_20-16_14_51_17_cam_fc_66.jpg        = [0,2,1,2,3,1,1,1,1,0,1,1,2,0,1,1]
munich_dataset_v3_rosbag2_2023_07_20-16_14_51_rosbag2_2023_07_20-16_14_51_18_cam_fc_66.jpg        = [1,2,1,2,3,1,1,1,0,0,1,3,2,0,1,0]
munich_dataset_v3_rosbag2_2023_07_20-16_14_51_rosbag2_2023_07_20-16_14_51_19_cam_fc_65.jpg        = [1,2,1,2,3,1,0,1,1,0,1,1,2,0,1,1]
munich_dataset_v3_rosbag2_2023_07_20-16_14_51_rosbag2_2023_07_20-16_14_51_20_cam_fc_67.jpg        = [1,2,1,2,3,1,1,1,1,0,1,3,2,0,1,0]
munich_dataset_v3_rosbag2_2023_07_20-16_14_51_rosbag2_2023_07_20-16_14_51_23_cam_fc_12.jpg        = [1,2,1,2,3,0,1,1,1,0,1,3,2,2,1,1]
munich_dataset_v3_rosbag2_2023_07_20-16_32_05_rosbag2_2023_07_20-16_32_05_1_cam_fc_65.jpg         = [1,2,1,2,3,1,0,1,0,0,1,3,2,0,0,1]
munich_dataset_v3_rosbag2_2023_07_20-16_32_05_rosbag2_2023_07_20-16_32_05_2_cam_fc_65.jpg         = [1,2,1,2,2,1,0,1,0,0,1,3,2,0,0,0]
munich_dataset_v3_rosbag2_2023_07_20-16_32_05_rosbag2_2023_07_20-16_32_05_4_cam_fc_64.jpg         = [1,2,1,0,3,1,1,1,0,0,0,3,1,0,1,0]
munich_dataset_v3_rosbag2_2023_07_20-16_32_05_rosbag2_2023_07_20-16_32_05_6_cam_fc_65.jpg         = [1,2,1,2,3,1,1,1,0,0,0,3,2,0,1,0]
munich_dataset_v3_rosbag2_2023_07_20-16_32_05_rosbag2_2023_07_20-16_32_05_7_cam_fc_66.jpg         = [1,2,1,2,2,0,1,1,1,0,1,3,2,0,0,0]
munich_dataset_v3_rosbag2_2023_07_20-16_32_05_rosbag2_2023_07_20-16_32_05_8_cam_fc_65.jpg         = [1,2,1,2,3,1,0,1,0,0,0,3,1,0,1,0]
munich_dataset_v3_rosbag2_2023_07_20-16_32_05_rosbag2_2023_07_20-16_32_05_9_cam_fc_48.jpg         = [1,2,1,2,3,1,0,1,0,0,1,3,2,0,0,0]
munich_dataset_v4_rosbag2_2023_08_31-13_35_09_rosbag2_2023_08_31-13_35_09_0_cam_fc_62.jpg         = [1,2,1,2,3,1,1,1,0,0,0,3,1,0,1,4]
munich_dataset_v4_rosbag2_2023_08_31-13_35_09_rosbag2_2023_08_31-13_35_09_1_cam_fc_61.jpg         = [0,2,1,0,3,1,1,1,0,0,0,3,1,0,1,0]
munich_dataset_v4_rosbag2_2023_08_31-13_35_09_rosbag2_2023_08_31-13_35_09_6_cam_fc_54.jpg         = [0,2,1,0,3,0,0,0,1,0,1,3,2,1,1,1]
munich_dataset_v4_rosbag2_2023_08_31-13_35_09_rosbag2_2023_08_31-13_35_09_8_cam_fc_51.jpg         = [0,2,1,0,3,0,0,1,1,0,1,3,2,0,1,2]
munich_dataset_v4_rosbag2_2023_08_31-13_35_09_rosbag2_2023_08_31-13_35_09_9_cam_fc_55.jpg         = [0,2,1,0,3,1,1,1,1,0,1,0,2,0,1,0]
munich_dataset_v4_rosbag2_2023_08_31-13_35_09_rosbag2_2023_08_31-13_35_09_10_cam_fc_60.jpg        = [0,2,1,0,3,0,0,1,1,0,1,0,2,0,1,0]
munich_dataset_v4_rosbag2_2023_08_31-13_35_09_rosbag2_2023_08_31-13_35_09_11_cam_fc_57.jpg        = [0,2,1,0,3,0,1,1,1,0,2,3,2,0,1,0]
munich_dataset_v4_rosbag2_2023_08_31-13_35_09_rosbag2_2023_08_31-13_35_09_13_cam_fc_59.jpg        = [0,2,1,0,3,0,0,0,1,0,1,0,2,0,0,1]
munich_dataset_v4_rosbag2_2023_08_31-13_35_09_rosbag2_2023_08_31-13_35_09_17_cam_fc_54.jpg        = [0,2,1,0,3,0,0,0,2,0,1,0,2,1,0,1]
munich_dataset_v4_rosbag2_2023_08_31-13_35_09_rosbag2_2023_08_31-13_35_09_20_cam_fc_68.jpg        = [0,2,1,0,3,0,0,0,2,0,0,0,2,1,0,1]
munich_dataset_v4_rosbag2_2023_08_31-13_35_09_rosbag2_2023_08_31-13_35_09_24_cam_fc_57.jpg        = [1,2,1,0,3,0,0,1,2,0,0,0,2,0,1,0]
munich_dataset_v4_rosbag2_2023_08_31-13_35_09_rosbag2_2023_08_31-13_35_09_26_cam_fc_56.jpg        = [1,2,1,0,3,0,0,1,3,0,0,0,2,3,1,0]
munich_dataset_v4_rosbag2_2023_08_31-13_35_09_rosbag2_2023_08_31-13_35_09_27_cam_fc_60.jpg        = [1,2,1,0,3,0,0,1,3,0,0,0,1,3,1,1]
munich_dataset_v4_rosbag2_2023_08_31-13_35_09_rosbag2_2023_08_31-13_35_09_29_cam_fc_56.jpg        = [1,2,1,0,3,0,0,1,3,0,0,0,1,3,1,1]
munich_dataset_v4_rosbag2_2023_08_31-13_35_09_rosbag2_2023_08_31-13_35_09_31_cam_fc_64.jpg        = [1,2,1,0,3,0,0,1,3,0,0,0,1,3,1,1]
munich_dataset_v4_rosbag2_2023_08_31-13_35_09_rosbag2_2023_08_31-13_35_09_32_cam_fc_59.jpg        = [1,2,1,0,3,0,0,1,2,0,0,0,1,3,1,1]
munich_dataset_v4_rosbag2_2023_08_31-13_35_09_rosbag2_2023_08_31-13_35_09_33_cam_fc_59.jpg        = [1,2,1,0,3,0,0,1,3,0,0,0,1,3,1,1]
munich_dataset_v4_rosbag2_2023_08_31-13_35_09_rosbag2_2023_08_31-13_35_09_34_cam_fc_60.jpg        = [1,2,1,0,3,0,0,1,2,0,0,0,1,3,1,1]
munich_dataset_v4_rosbag2_2023_08_31-13_35_09_rosbag2_2023_08_31-13_35_09_35_cam_fc_54.jpg        = [1,2,1,0,3,0,0,1,2,0,0,0,1,3,1,1]
munich_dataset_v4_rosbag2_2023_08_31-13_35_09_rosbag2_2023_08_31-13_35_09_36_cam_fc_54.jpg        = [1,2,1,0,3,0,0,1,2,0,0,0,1,3,1,0]
munich_dataset_v4_rosbag2_2023_08_31-13_35_09_rosbag2_2023_08_31-13_35_09_37_cam_fc_61.jpg        = [1,2,1,0,3,0,0,0,2,0,0,0,1,1,0,1]
munich_dataset_v4_rosbag2_2023_08_31-13_35_09_rosbag2_2023_08_31-13_35_09_38_cam_fc_58.jpg        = [1,2,1,0,3,0,0,0,2,0,0,0,1,0,0,0]
munich_dataset_v4_rosbag2_2023_08_31-13_35_09_rosbag2_2023_08_31-13_35_09_39_cam_fc_55.jpg        = [0,2,1,0,3,0,1,1,2,0,1,3,2,0,0,2]
munich_dataset_v4_rosbag2_2023_08_31-13_35_09_rosbag2_2023_08_31-13_35_09_40_cam_fc_61.jpg        = [0,2,1,0,3,1,0,1,0,0,1,0,2,3,1,0]
munich_dataset_v4_rosbag2_2023_08_31-13_35_09_rosbag2_2023_08_31-13_35_09_42_cam_fc_64.jpg        = [0,2,1,0,3,1,1,1,0,0,1,3,2,0,0,0]
munich_dataset_v4_rosbag2_2023_08_31-13_35_09_rosbag2_2023_08_31-13_35_09_44_cam_fc_62.jpg        = [0,2,1,0,3,0,0,0,2,0,1,3,2,0,0,1]
munich_dataset_v4_rosbag2_2023_08_31-13_35_09_rosbag2_2023_08_31-13_35_09_48_cam_fc_59.jpg        = [1,2,1,0,3,1,0,1,0,0,0,3,1,0,1,0]
munich_dataset_v4_rosbag2_2023_08_31-13_35_09_rosbag2_2023_08_31-13_35_09_50_cam_fc_62.jpg        = [1,2,1,0,3,1,1,1,0,0,0,3,1,0,1,0]
munich_dataset_v4_rosbag2_2023_08_31-13_35_09_rosbag2_2023_08_31-13_35_09_51_cam_fc_8.jpg         = [1,2,1,2,3,1,0,1,1,0,0,3,1,0,0,0]
munich_dataset_v4_rosbag2_2023_08_31-13_45_36_rosbag2_2023_08_31-13_45_36_0_cam_fc_78.jpg         = [1,2,1,2,3,0,0,1,1,0,0,3,1,0,1,0]
munich_dataset_v4_rosbag2_2023_08_31-13_45_36_rosbag2_2023_08_31-13_45_36_1_cam_fc_75.jpg         = [1,2,1,0,3,1,0,1,0,0,0,3,1,0,1,2]
munich_dataset_v4_rosbag2_2023_08_31-13_45_36_rosbag2_2023_08_31-13_45_36_2_cam_fc_59.jpg         = [1,2,1,0,3,0,0,0,1,0,0,3,1,0,0,1]
munich_dataset_v4_rosbag2_2023_08_31-13_45_36_rosbag2_2023_08_31-13_45_36_4_cam_fc_69.jpg         = [1,2,1,0,3,1,0,1,0,0,1,0,2,0,1,0]
munich_dataset_v4_rosbag2_2023_08_31-13_45_36_rosbag2_2023_08_31-13_45_36_6_cam_fc_67.jpg         = [1,2,1,0,3,0,1,1,1,0,1,0,3,1,1,0]
munich_dataset_v4_rosbag2_2023_08_31-13_45_36_rosbag2_2023_08_31-13_45_36_8_cam_fc_61.jpg         = [1,2,1,0,3,0,1,1,1,0,1,0,3,1,0,1]
munich_dataset_v4_rosbag2_2023_08_31-13_45_36_rosbag2_2023_08_31-13_45_36_10_cam_fc_59.jpg        = [1,2,1,0,3,1,0,0,1,0,1,3,3,0,0,1]
munich_dataset_v4_rosbag2_2023_08_31-13_45_36_rosbag2_2023_08_31-13_45_36_12_cam_fc_60.jpg        = [1,2,1,0,3,0,0,0,0,0,1,0,3,0,0,0]
munich_dataset_v4_rosbag2_2023_08_31-13_45_36_rosbag2_2023_08_31-13_45_36_13_cam_fc_69.jpg        = [1,2,1,0,3,1,1,1,1,0,0,3,1,0,1,0]
munich_dataset_v4_rosbag2_2023_08_31-13_45_36_rosbag2_2023_08_31-13_45_36_14_cam_fc_67.jpg        = [1,2,1,0,3,1,1,1,0,0,0,3,1,0,1,0]
munich_dataset_v4_rosbag2_2023_08_31-13_45_36_rosbag2_2023_08_31-13_45_36_15_cam_fc_73.jpg        = [1,2,1,2,3,0,0,1,1,0,0,3,1,0,0,1]
munich_dataset_v4_rosbag2_2023_08_31-13_45_36_rosbag2_2023_08_31-13_45_36_16_cam_fc_70.jpg        = [1,2,1,2,3,0,1,1,1,0,0,3,1,0,1,0]
munich_dataset_v4_rosbag2_2023_08_31-13_45_36_rosbag2_2023_08_31-13_45_36_17_cam_fc_59.jpg        = [1,2,1,2,3,0,0,1,1,0,0,3,1,0,1,0]
wiesn_dataset_v1_rosbag2_2023_09_29-12_39_23_rosbag2_2023_09_29-12_39_23_0_cam_fc_23.jpg          = [1,2,1,2,2,1,1,1,0,0,0,3,1,0,1,0]
wiesn_dataset_v1_rosbag2_2023_09_29-13_18_35_rosbag2_2023_09_29-13_18_35_0_cam_fc_32.jpg          = [1,2,1,2,2,0,1,1,1,0,1,3,2,0,1,0]
wiesn_dataset_v1_rosbag2_2023_09_29-14_40_51_rosbag2_2023_09_29-14_40_51_0_cam_fc_73.jpg          = [1,2,1,0,3,0,0,1,1,0,0,3,1,0,1,4]
wiesn_dataset_v1_rosbag2_2023_09_29-14_40_51_rosbag2_2023_09_29-14_40_51_3_cam_fc_67.jpg          = [1,2,1,2,3,0,0,1,2,0,0,3,1,0,1,0]
wiesn_dataset_v1_rosbag2_2023_09_29-14_40_51_rosbag2_2023_09_29-14_40_51_4_cam_fc_71.jpg          = [1,2,1,0,3,0,0,1,2,0,0,3,1,0,1,1]
wiesn_dataset_v1_rosbag2_2023_09_29-14_40_51_rosbag2_2023_09_29-14_40_51_5_cam_fc_70.jpg          = [1,2,1,0,3,0,1,1,2,0,0,3,1,0,1,1]
wiesn_dataset_v1_rosbag2_2023_09_29-14_40_51_rosbag2_2023_09_29-14_40_51_6_cam_fc_69.jpg          = [1,2,1,2,3,0,1,1,2,0,0,3,1,0,1,0]
wiesn_dataset_v1_rosbag2_2023_09_29-14_40_51_rosbag2_2023_09_29-14_40_51_8_cam_fc_69.jpg          = [1,2,1,0,3,0,0,0,3,0,0,0,2,1,0,1]
wiesn_dataset_v1_rosbag2_2023_09_29-14_40_51_rosbag2_2023_09_29-14_40_51_11_cam_fc_71.jpg         = [1,2,1,0,3,0,1,1,2,0,1,3,1,0,1,1]
wiesn_dataset_v1_rosbag2_2023_09_29-14_40_51_rosbag2_2023_09_29-14_40_51_12_cam_fc_69.jpg         = [1,2,1,0,3,1,0,0,1,0,1,3,1,1,0,1]
wiesn_dataset_v1_rosbag2_2023_09_29-14_40_51_rosbag2_2023_09_29-14_40_51_13_cam_fc_70.jpg         = [1,2,1,0,3,0,0,0,3,0,1,3,2,0,0,0]
wiesn_dataset_v1_rosbag2_2023_09_29-14_40_51_rosbag2_2023_09_29-14_40_51_14_cam_fc_67.jpg         = [1,2,1,0,3,0,0,0,3,0,1,0,2,0,0,1]
wiesn_dataset_v1_rosbag2_2023_09_29-14_40_51_rosbag2_2023_09_29-14_40_51_18_cam_fc_64.jpg         = [1,2,1,0,3,0,1,1,3,0,1,0,2,1,0,1]
wiesn_dataset_v1_rosbag2_2023_09_29-14_40_51_rosbag2_2023_09_29-14_40_51_20_cam_fc_67.jpg         = [1,2,1,0,3,0,0,1,2,0,1,0,2,0,1,0]
wiesn_dataset_v1_rosbag2_2023_09_29-14_40_51_rosbag2_2023_09_29-14_40_51_21_cam_fc_68.jpg         = [1,2,1,0,3,0,0,0,1,0,1,0,2,0,1,0]
wiesn_dataset_v1_rosbag2_2023_09_29-14_40_51_rosbag2_2023_09_29-14_40_51_22_cam_fc_66.jpg         = [1,2,1,0,3,0,0,0,2,0,1,0,2,0,0,1]
wiesn_dataset_v1_rosbag2_2023_09_29-14_40_51_rosbag2_2023_09_29-14_40_51_24_cam_fc_69.jpg         = [1,2,1,0,3,0,0,0,3,0,1,0,2,0,1,0]
wiesn_dataset_v1_rosbag2_2023_09_29-14_40_51_rosbag2_2023_09_29-14_40_51_26_cam_fc_77.jpg         = [1,2,1,0,3,1,0,1,0,0,1,0,4,1,1,0]
wiesn_dataset_v1_rosbag2_2023_09_29-14_40_51_rosbag2_2023_09_29-14_40_51_28_cam_fc_72.jpg         = [1,2,1,0,3,0,0,1,1,0,1,0,4,1,1,1]
wiesn_dataset_v1_rosbag2_2023_09_29-14_40_51_rosbag2_2023_09_29-14_40_51_30_cam_fc_73.jpg         = [1,2,1,0,3,1,0,1,1,0,1,0,4,1,1,0]
wiesn_dataset_v1_rosbag2_2023_09_29-14_40_51_rosbag2_2023_09_29-14_40_51_31_cam_fc_78.jpg         = [1,2,1,0,3,1,0,1,1,0,1,0,2,0,1,0]
wiesn_dataset_v1_rosbag2_2023_09_29-14_40_51_rosbag2_2023_09_29-14_40_51_32_cam_fc_72.jpg         = [1,2,1,0,3,0,0,1,1,0,1,0,2,1,0,1]
wiesn_dataset_v1_rosbag2_2023_09_29-14_40_51_rosbag2_2023_09_29-14_40_51_34_cam_fc_75.jpg         = [1,2,1,0,3,0,0,0,2,0,1,0,2,0,1,0]
wiesn_dataset_v1_rosbag2_2023_09_29-14_40_51_rosbag2_2023_09_29-14_40_51_35_cam_fc_69.jpg         = [1,2,1,0,3,0,0,0,3,0,1,0,2,1,0,1]
wiesn_dataset_v1_rosbag2_2023_09_29-14_40_51_rosbag2_2023_09_29-14_40_51_40_cam_fc_65.jpg         = [1,2,1,0,3,0,1,1,1,0,0,3,1,0,1,0]
wiesn_dataset_v1_rosbag2_2023_09_29-14_40_51_rosbag2_2023_09_29-14_40_51_41_cam_fc_68.jpg         = [1,3,1,0,3,0,1,1,2,0,0,3,1,0,1,1]
wiesn_dataset_v1_rosbag2_2023_09_29-14_40_51_rosbag2_2023_09_29-14_40_51_46_cam_fc_71.jpg         = [1,2,1,0,3,0,0,1,1,0,0,3,1,1,0,1]
wiesn_dataset_v1_rosbag2_2023_09_29-14_40_51_rosbag2_2023_09_29-14_40_51_48_cam_fc_65.jpg         = [1,2,1,2,3,0,1,1,1,0,0,3,1,0,1,0]
wiesn_dataset_v1_rosbag2_2023_09_29-14_58_42_rosbag2_2023_09_29-14_58_42_1_cam_fc_54.jpg          = [1,2,1,2,3,0,0,1,2,0,0,3,1,0,1,0]
wiesn_dataset_v1_rosbag2_2023_09_29-14_58_42_rosbag2_2023_09_29-14_58_42_11_cam_fc_56.jpg         = [1,2,1,0,3,0,0,0,3,0,0,0,2,0,0,1]
wiesn_dataset_v1_rosbag2_2023_09_29-14_58_42_rosbag2_2023_09_29-14_58_42_15_cam_fc_59.jpg         = [1,2,1,0,3,0,1,1,1,0,1,0,2,0,0,1]
wiesn_dataset_v1_rosbag2_2023_09_29-14_58_42_rosbag2_2023_09_29-14_58_42_17_cam_fc_57.jpg         = [1,2,1,0,3,0,1,1,1,0,1,0,3,1,1,0]
wiesn_dataset_v1_rosbag2_2023_09_29-14_58_42_rosbag2_2023_09_29-14_58_42_18_cam_fc_58.jpg         = [1,2,1,0,3,0,0,1,1,0,1,0,2,1,1,0]
wiesn_dataset_v1_rosbag2_2023_09_29-14_58_42_rosbag2_2023_09_29-14_58_42_20_cam_fc_58.jpg         = [1,2,1,0,3,0,0,1,1,0,1,0,2,0,1,0]
wiesn_dataset_v1_rosbag2_2023_09_29-14_58_42_rosbag2_2023_09_29-14_58_42_21_cam_fc_59.jpg         = [1,2,1,0,3,0,0,0,3,0,1,0,3,1,0,1]
wiesn_dataset_v1_rosbag2_2023_09_29-14_58_42_rosbag2_2023_09_29-14_58_42_24_cam_fc_58.jpg         = [1,2,1,0,3,0,0,0,2,0,1,0,3,1,0,1]
wiesn_dataset_v1_rosbag2_2023_09_29-14_58_42_rosbag2_2023_09_29-14_58_42_26_cam_fc_60.jpg         = [1,2,1,0,3,0,0,0,2,0,1,0,3,1,0,1]
munich_dataset_v1_rosbag2_2022_12_07-16_22_31_rosbag2_2022_12_07-16_22_31_5_pylon_camera_320.jpg  = [1,3,0,4,6,1,0,1,0,0,0,3,1,0,0,0]
munich_dataset_v1_rosbag2_2022_12_07-16_22_31_rosbag2_2022_12_07-16_22_31_17_pylon_camera_320.jpg = [1,3,0,2,3,0,1,0,1,0,1,0,2,0,1,1]
munich_dataset_v1_rosbag2_2022_12_07-16_22_31_rosbag2_2022_12_07-16_22_31_18_pylon_camera_327.jpg = [1,3,0,2,3,0,0,1,1,0,1,0,3,0,1,0]
munich_dataset_v1_rosbag2_2022_12_07-16_22_31_rosbag2_2022_12_07-16_22_31_21_pylon_camera_323.jpg = [1,3,0,1,5,1,0,1,0,0,0,0,1,0,0,1]
munich_dataset_v1_rosbag2_2022_12_07-16_22_31_rosbag2_2022_12_07-16_22_31_32_pylon_camera_324.jpg = [1,6,2,2,6,0,0,1,1,0,1,0,2,0,0,0]
munich_dataset_v1_rosbag2_2022_12_07-16_22_31_rosbag2_2022_12_07-16_22_31_35_pylon_camera_184.jpg = [1,6,2,3,6,1,1,1,0,0,0,3,1,0,1,0]
munich_dataset_v2_rosbag2_2023_05_26-12_16_44_rosbag2_2023_05_26-12_16_44_2_pylon_camera_448.jpg  = [1,3,1,3,3,1,1,1,0,0,1,3,2,0,0,0]
munich_dataset_v2_rosbag2_2023_05_26-12_16_44_rosbag2_2023_05_26-12_16_44_16_pylon_camera_444.jpg = [1,3,1,0,3,0,1,1,1,0,0,3,1,0,1,2]
munich_dataset_v2_rosbag2_2023_05_26-12_16_44_rosbag2_2023_05_26-12_16_44_20_pylon_camera_448.jpg = [1,3,1,1,3,1,0,1,0,0,0,3,1,0,0,0]
munich_dataset_v2_rosbag2_2023_05_26-12_16_44_rosbag2_2023_05_26-12_16_44_23_pylon_camera_460.jpg = [1,3,1,4,6,1,1,1,0,0,0,3,1,0,1,2]
munich_dataset_v2_rosbag2_2023_05_26-12_16_44_rosbag2_2023_05_26-12_16_44_27_pylon_camera_446.jpg = [1,3,1,2,6,1,1,1,0,0,1,3,2,0,1,0]
munich_dataset_v2_rosbag2_2023_05_26-12_16_44_rosbag2_2023_05_26-12_16_44_30_pylon_camera_457.jpg = [1,6,1,0,2,1,1,1,0,0,1,3,1,0,1,2]
munich_dataset_v2_rosbag2_2023_05_26-12_16_44_rosbag2_2023_05_26-12_16_44_31_pylon_camera_457.jpg = [1,6,1,0,2,1,1,1,0,0,1,3,1,0,1,2]
munich_dataset_v2_rosbag2_2023_05_26-12_16_44_rosbag2_2023_05_26-12_16_44_32_pylon_camera_448.jpg = [1,3,1,2,2,1,1,1,0,0,1,3,1,0,1,0]
munich_dataset_v2_rosbag2_2023_05_26-12_16_44_rosbag2_2023_05_26-12_16_44_33_pylon_camera_452.jpg = [1,3,1,2,2,1,1,1,0,0,1,3,1,0,1,2]
munich_dataset_v2_rosbag2_2023_05_26-12_16_44_rosbag2_2023_05_26-12_16_44_36_pylon_camera_459.jpg = [1,3,1,3,5,0,0,1,1,0,1,0,2,0,1,0]
munich_dataset_v2_rosbag2_2023_05_26-12_16_44_rosbag2_2023_05_26-12_16_44_42_pylon_camera_462.jpg = [1,3,1,0,2,1,0,1,0,0,0,3,1,0,0,1]
munich_dataset_v3_2_rosbag2_2023_09_21-13_22_15_rosbag2_2023_09_21-13_22_15_1_cam_fc_55.jpg       = [1,2,1,0,2,0,1,1,1,0,1,3,2,0,1,0]
munich_dataset_v3_2_rosbag2_2023_09_21-13_22_15_rosbag2_2023_09_21-13_22_15_8_cam_fc_57.jpg       = [1,2,1,3,3,1,0,1,0,0,1,0,2,0,0,0]
munich_dataset_v3_2_rosbag2_2023_09_21-13_22_15_rosbag2_2023_09_21-13_22_15_12_cam_fc_57.jpg      = [1,2,1,0,3,1,0,1,0,0,1,3,2,0,1,0]
munich_dataset_v3_2_rosbag2_2023_09_21-13_22_15_rosbag2_2023_09_21-13_22_15_14_cam_fc_58.jpg      = [1,2,1,0,3,1,0,1,0,0,1,3,2,0,0,0]
munich_dataset_v3_2_rosbag2_2023_09_21-13_22_15_rosbag2_2023_09_21-13_22_15_19_cam_fc_56.jpg      = [1,2,1,0,3,1,1,1,0,0,1,3,2,0,1,0]
munich_dataset_v3_2_rosbag2_2023_09_21-13_22_15_rosbag2_2023_09_21-13_22_15_21_cam_fc_58.jpg      = [1,2,1,0,3,1,0,1,0,0,1,1,2,0,0,0]
munich_dataset_v3_2_rosbag2_2023_09_21-13_22_15_rosbag2_2023_09_21-13_22_15_30_cam_fc_58.jpg      = [1,2,1,0,3,0,1,1,1,0,0,3,1,0,1,0]
munich_dataset_v3_2_rosbag2_2023_09_21-13_22_15_rosbag2_2023_09_21-13_22_15_35_cam_fc_60.jpg      = [1,2,1,2,3,0,1,1,1,0,1,3,2,0,1,0]
munich_dataset_v3_2_rosbag2_2023_09_21-13_22_15_rosbag2_2023_09_21-13_22_15_37_cam_fc_61.jpg      = [1,2,1,0,3,1,0,1,0,0,1,3,2,0,1,0]
munich_dataset_v3_2_rosbag2_2023_09_21-13_22_15_rosbag2_2023_09_21-13_22_15_45_cam_fc_61.jpg      = [1,2,1,1,5,1,1,1,0,0,1,0,3,0,1,0]
munich_dataset_v3_2_rosbag2_2023_09_21-13_22_15_rosbag2_2023_09_21-13_22_15_49_cam_fc_61.jpg      = [1,2,1,1,3,1,0,1,0,0,1,0,4,0,1,0]
munich_dataset_v3_2_rosbag2_2023_09_21-13_22_15_rosbag2_2023_09_21-13_22_15_54_cam_fc_60.jpg      = [1,2,1,2,3,0,0,1,1,0,1,3,2,0,1,0]
munich_dataset_v3_2_rosbag2_2023_09_21-13_22_15_rosbag2_2023_09_21-13_22_15_55_cam_fc_61.jpg      = [1,2,1,0,3,0,0,1,1,0,1,3,2,0,1,0]
munich_dataset_v3_2_rosbag2_2023_09_21-13_22_15_rosbag2_2023_09_21-13_22_15_59_cam_fc_59.jpg      = [1,4,1,0,2,1,0,1,0,0,1,3,2,0,0,1]
munich_dataset_v3_2_rosbag2_2023_09_21-13_22_15_rosbag2_2023_09_21-13_22_15_60_cam_fc_60.jpg      = [1,4,1,0,2,1,0,1,0,0,1,3,2,0,0,0]
munich_dataset_v3_2_rosbag2_2023_09_21-13_22_15_rosbag2_2023_09_21-13_22_15_62_cam_fc_58.jpg      = [1,4,1,3,3,0,1,1,1,0,1,3,2,0,1,0]
munich_dataset_v3_rosbag2_2023_07_20-16_14_51_rosbag2_2023_07_20-16_14_51_9_cam_fc_65.jpg         = [1,4,1,0,3,1,1,1,0,0,1,3,1,0,1,0]
munich_dataset_v3_rosbag2_2023_07_20-16_14_51_rosbag2_2023_07_20-16_14_51_14_cam_fc_66.jpg        = [1,2,1,3,6,1,1,1,0,0,0,3,1,0,1,0]
munich_dataset_v4_rosbag2_2023_08_31-13_35_09_rosbag2_2023_08_31-13_35_09_7_cam_fc_56.jpg         = [0,6,1,0,3,0,0,0,1,0,1,3,1,0,0,0]
munich_dataset_v4_rosbag2_2023_08_31-13_35_09_rosbag2_2023_08_31-13_35_09_30_cam_fc_63.jpg        = [1,2,1,0,3,0,1,1,1,0,0,0,1,1,0,1]
munich_dataset_v4_rosbag2_2023_08_31-13_35_09_rosbag2_2023_08_31-13_35_09_46_cam_fc_68.jpg        = [0,2,1,0,3,0,1,0,1,0,1,3,1,0,0,0]
munich_dataset_v4_rosbag2_2023_08_31-13_45_36_rosbag2_2023_08_31-13_45_36_7_cam_fc_62.jpg         = [1,2,1,0,3,0,0,0,1,0,0,0,3,1,0,1]
wiesn_dataset_v1_rosbag2_2023_09_29-14_40_51_rosbag2_2023_09_29-14_40_51_27_cam_fc_68.jpg         = [1,2,1,0,3,0,0,1,1,0,1,0,2,1,1,1]
wiesn_dataset_v1_rosbag2_2023_09_29-14_40_51_rosbag2_2023_09_29-14_40_51_36_cam_fc_69.jpg         = [1,2,1,0,3,1,1,1,2,0,1,0,2,0,1,0]
wiesn_dataset_v1_rosbag2_2023_09_29-14_40_51_rosbag2_2023_09_29-14_40_51_38_cam_fc_70.jpg         = [1,2,1,0,3,0,0,0,2,0,1,0,2,0,0,1]
wiesn_dataset_v1_rosbag2_2023_09_29-14_40_51_rosbag2_2023_09_29-14_40_51_39_cam_fc_70.jpg         = [1,2,1,0,3,0,0,1,1,0,1,0,2,0,0,0]
wiesn_dataset_v1_rosbag2_2023_09_29-14_40_51_rosbag2_2023_09_29-14_40_51_44_cam_fc_64.jpg         = [1,2,1,0,3,0,1,1,1,0,0,3,2,1,1,1]
wiesn_dataset_v1_rosbag2_2023_09_29-14_40_51_rosbag2_2023_09_29-14_40_51_47_cam_fc_67.jpg         = [1,2,1,0,3,0,0,1,3,0,0,3,1,0,0,0]
wiesn_dataset_v1_rosbag2_2023_09_29-14_58_42_rosbag2_2023_09_29-14_58_42_13_cam_fc_57.jpg         = [1,2,1,0,3,0,0,0,2,0,1,1,2,0,0,1]
wiesn_dataset_v1_rosbag2_2023_09_29-14_58_42_rosbag2_2023_09_29-14_58_42_27_cam_fc_61.jpg         = [1,2,1,0,3,1,0,0,1,0,1,0,2,1,1,1]
wiesn_dataset_v1_rosbag2_2023_09_29-14_58_42_rosbag2_2023_09_29-14_58_42_32_cam_fc_62.jpg         = [1,2,1,0,3,0,0,1,1,0,0,3,2,0,1,0]
wiesn_dataset_v1_rosbag2_2023_09_29-14_58_42_rosbag2_2023_09_29-14_58_42_34_cam_fc_60.jpg         = [1,2,1,0,3,0,0,1,3,0,0,3,2,0,0,0]
wiesn_dataset_v1_rosbag2_2023_09_29-15_08_04_rosbag2_2023_09_29-15_08_04_0_cam_fc_52.jpg          = [1,2,1,0,3,0,0,1,1,0,0,3,1,0,1,4]
wiesn_dataset_v1_rosbag2_2023_09_29-15_08_04_rosbag2_2023_09_29-15_08_04_8_cam_fc_58.jpg          = [1,2,1,0,3,0,0,0,1,0,0,1,2,0,0,1]
wiesn_dataset_v1_rosbag2_2023_09_29-15_08_04_rosbag2_2023_09_29-15_08_04_10_cam_fc_56.jpg         = [1,2,1,0,3,0,0,0,1,0,0,1,2,0,0,1]
wiesn_dataset_v1_rosbag2_2023_09_29-15_08_04_rosbag2_2023_09_29-15_08_04_14_cam_fc_56.jpg         = [1,2,1,0,3,0,1,1,0,0,1,0,2,0,1,1]
wiesn_dataset_v1_rosbag2_2023_09_29-15_08_04_rosbag2_2023_09_29-15_08_04_22_cam_fc_58.jpg         = [1,2,1,0,3,0,0,1,2,0,0,1,1,0,0,0]
wiesn_dataset_v1_rosbag2_2023_09_29-15_08_04_rosbag2_2023_09_29-15_08_04_28_cam_fc_56.jpg         = [1,2,1,0,3,1,1,1,0,0,0,3,1,0,1,0]
wiesn_dataset_v1_rosbag2_2023_09_29-15_15_56_rosbag2_2023_09_29-15_15_56_21_cam_fc_56.jpg         = [1,2,1,0,3,0,0,0,2,0,1,3,1,0,1,1]
wiesn_dataset_v1_rosbag2_2023_09_29-15_15_56_rosbag2_2023_09_29-15_15_56_26_cam_fc_59.jpg         = [1,2,1,0,3,0,0,0,2,0,1,3,1,0,1,1]
wiesn_dataset_v1_rosbag2_2023_09_29-15_15_56_rosbag2_2023_09_29-15_15_56_37_cam_fc_56.jpg         = [1,2,1,0,3,0,0,0,2,0,1,0,2,0,0,1]
wiesn_dataset_v1_rosbag2_2023_09_29-15_15_56_rosbag2_2023_09_29-15_15_56_44_cam_fc_60.jpg         = [1,2,1,0,3,0,1,1,2,0,1,1,2,1,0,1]
wiesn_dataset_v1_rosbag2_2023_09_29-15_15_56_rosbag2_2023_09_29-15_15_56_47_cam_fc_58.jpg         = [1,2,1,0,3,0,0,1,1,0,0,0,2,1,1,1]
wiesn_dataset_v1_rosbag2_2023_09_29-15_15_56_rosbag2_2023_09_29-15_15_56_52_cam_fc_57.jpg         = [1,2,1,0,3,1,0,1,0,0,1,0,1,3,1,1]
wiesn_dataset_v1_rosbag2_2023_09_29-15_15_56_rosbag2_2023_09_29-15_15_56_53_cam_fc_59.jpg         = [1,2,1,0,3,1,1,1,0,0,1,0,1,3,1,1]
wiesn_dataset_v1_rosbag2_2023_09_29-15_15_56_rosbag2_2023_09_29-15_15_56_55_cam_fc_56.jpg         = [1,2,1,0,3,1,1,0,1,0,1,0,1,3,1,1]
wiesn_dataset_v1_rosbag2_2023_09_29-15_31_03_rosbag2_2023_09_29-15_31_03_4_cam_fc_55.jpg          = [1,2,1,0,3,0,0,1,1,0,0,3,1,0,0,0]
wiesn_dataset_v1_rosbag2_2023_09_29-15_31_03_rosbag2_2023_09_29-15_31_03_6_cam_fc_52.jpg          = [1,2,1,0,3,0,0,0,2,0,0,0,2,0,0,1]
wiesn_dataset_v1_rosbag2_2023_09_29-15_31_03_rosbag2_2023_09_29-15_31_03_13_cam_fc_51.jpg         = [1,2,1,0,3,0,1,1,2,0,0,1,1,0,0,0]
wiesn_dataset_v1_rosbag2_2023_09_29-15_31_03_rosbag2_2023_09_29-15_31_03_25_cam_fc_55.jpg         = [0,2,1,0,3,1,0,1,0,0,1,0,2,0,0,0]
wiesn_dataset_v1_rosbag2_2023_09_29-15_31_03_rosbag2_2023_09_29-15_31_03_28_cam_fc_45.jpg         = [0,6,1,0,3,0,1,1,1,0,0,3,1,1,1,0]
wiesn_dataset_v1_rosbag2_2023_09_29-15_31_03_rosbag2_2023_09_29-15_31_03_35_cam_fc_51.jpg         = [0,6,1,0,3,0,0,0,2,0,0,0,3,1,0,1]
wiesn_dataset_v1_rosbag2_2023_09_29-15_31_03_rosbag2_2023_09_29-15_31_03_41_cam_fc_54.jpg         = [0,6,1,0,5,1,1,1,0,0,1,0,4,0,1,0]
wiesn_dataset_v1_rosbag2_2023_09_29-15_31_03_rosbag2_2023_09_29-15_31_03_53_cam_fc_53.jpg         = [1,6,1,0,3,0,0,1,1,0,1,0,3,0,1,0]
wiesn_dataset_v1_rosbag2_2023_09_29-15_31_03_rosbag2_2023_09_29-15_31_03_56_cam_fc_52.jpg         = [1,6,1,0,3,1,1,1,0,0,1,0,3,0,1,0]
wiesn_dataset_v1_rosbag2_2023_09_29-15_31_03_rosbag2_2023_09_29-15_31_03_63_cam_fc_52.jpg         = [0,6,1,2,5,1,0,1,0,0,1,0,3,0,1,0]
wiesn_dataset_v1_rosbag2_2023_09_29-15_31_03_rosbag2_2023_09_29-15_31_03_66_cam_fc_48.jpg         = [0,6,1,2,5,1,0,1,0,0,0,0,2,0,1,0]
wiesn_dataset_v1_rosbag2_2023_09_29-15_31_03_rosbag2_2023_09_29-15_31_03_68_cam_fc_51.jpg         = [0,6,3,2,6,1,1,1,0,0,1,3,3,0,1,0]
wiesn_dataset_v1_rosbag2_2023_09_29-15_31_03_rosbag2_2023_09_29-15_31_03_72_cam_fl_52.jpg         = [0,6,1,2,5,1,1,1,0,0,1,0,1,0,1,0]
wiesn_dataset_v1_rosbag2_2023_09_29-15_31_03_rosbag2_2023_09_29-15_31_03_75_cam_fc_48.jpg         = [0,6,1,0,3,1,1,1,0,0,1,0,2,1,1,0]
wiesn_dataset_v1_rosbag2_2023_09_29-15_31_03_rosbag2_2023_09_29-15_31_03_83_cam_fc_55.jpg         = [0,6,1,2,3,1,1,1,0,0,1,0,3,0,1,0]
wiesn_dataset_v1_rosbag2_2023_09_29-15_31_03_rosbag2_2023_09_29-15_31_03_88_cam_fc_50.jpg         = [1,6,3,0,0,1,0,1,0,0,0,0,2,0,1,0]
wiesn_dataset_v1_rosbag2_2023_09_29-15_31_03_rosbag2_2023_09_29-15_31_03_94_cam_fc_52.jpg         = [1,6,3,0,0,1,1,1,0,0,0,0,2,0,1,0]
wiesn_dataset_v1_rosbag2_2023_09_29-15_31_03_rosbag2_2023_09_29-15_31_03_96_cam_fc_54.jpg         = [1,6,3,0,0,1,1,1,0,0,0,0,2,0,1,0]
wiesn_dataset_v1_rosbag2_2023_09_29-15_31_03_rosbag2_2023_09_29-15_31_03_101_cam_fc_52.jpg        = [1,6,3,0,0,1,1,1,0,0,0,0,3,0,1,0]
wiesn_dataset_v1_rosbag2_2023_09_29-15_31_03_rosbag2_2023_09_29-15_31_03_104_cam_fc_54.jpg        = [1,6,3,0,0,1,1,1,0,0,0,0,3,0,1,0]
wiesn_dataset_v1_rosbag2_2023_09_29-15_31_03_rosbag2_2023_09_29-15_31_03_115_cam_fc_49.jpg        = [0,6,1,0,5,1,1,1,0,0,1,0,2,0,1,0]
wiesn_dataset_v1_rosbag2_2023_09_29-15_31_03_rosbag2_2023_09_29-15_31_03_119_cam_fc_51.jpg        = [0,6,1,4,5,1,1,1,0,0,1,3,2,0,1,0]
wiesn_dataset_v1_rosbag2_2023_09_29-15_31_03_rosbag2_2023_09_29-15_31_03_123_cam_fc_51.jpg        = [0,6,3,2,5,1,1,1,0,0,1,3,2,0,1,0]
wiesn_dataset_v1_rosbag2_2023_09_29-15_31_03_rosbag2_2023_09_29-15_31_03_126_cam_fc_51.jpg        = [0,6,1,2,5,1,1,1,0,0,1,0,3,0,1,0]
wiesn_dataset_v1_rosbag2_2023_09_29-15_31_03_rosbag2_2023_09_29-15_31_03_132_cam_fc_51.jpg        = [0,6,1,4,5,1,1,1,0,0,1,0,3,0,1,0]
wiesn_dataset_v1_rosbag2_2023_09_29-15_31_03_rosbag2_2023_09_29-15_31_03_140_cam_fc_49.jpg        = [0,6,1,4,5,1,0,1,0,0,1,0,3,0,1,0]
wiesn_dataset_v1_rosbag2_2023_09_29-15_31_03_rosbag2_2023_09_29-15_31_03_143_cam_fc_52.jpg        = [0,6,1,4,5,1,1,1,0,0,1,0,3,0,1,0]
wiesn_dataset_v1_rosbag2_2023_09_29-15_31_03_rosbag2_2023_09_29-15_31_03_157_cam_fc_49.jpg        = [0,6,1,2,3,1,0,1,0,0,1,3,1,0,1,0]
wiesn_dataset_v1_rosbag2_2023_09_29-15_31_03_rosbag2_2023_09_29-15_31_03_159_cam_fc_50.jpg        = [0,6,1,0,1,1,1,1,0,0,1,3,1,0,1,0]
wiesn_dataset_v1_rosbag2_2023_09_29-15_31_03_rosbag2_2023_09_29-15_31_03_170_cam_fc_50.jpg        = [0,6,1,0,3,0,1,0,1,0,1,3,1,1,0,0]
wiesn_dataset_v1_rosbag2_2023_09_29-15_31_03_rosbag2_2023_09_29-15_31_03_188_cam_fc_54.jpg        = [0,6,1,4,3,1,1,1,0,0,1,3,1,0,1,0]
wiesn_dataset_v1_rosbag2_2023_09_29-15_31_03_rosbag2_2023_09_29-15_31_03_191_cam_fc_49.jpg        = [0,6,1,3,3,0,1,1,1,0,1,3,1,0,1,0]
wiesn_dataset_v1_rosbag2_2023_09_29-15_31_03_rosbag2_2023_09_29-15_31_03_192_cam_fc_49.jpg        = [0,6,1,2,3,0,1,1,1,0,1,3,1,0,1,0]
wiesn_dataset_v1_rosbag2_2023_09_29-15_31_03_rosbag2_2023_09_29-15_31_03_193_cam_fc_44.jpg        = [0,6,1,3,6,0,0,1,1,0,0,3,1,0,1,0]
wiesn_dataset_v1_rosbag2_2023_09_29-15_31_03_rosbag2_2023_09_29-15_31_03_198_cam_fc_55.jpg        = [1,2,1,3,2,1,1,1,0,0,0,3,0,0,1,4]
wiesn_dataset_v1_rosbag2_2023_09_29-15_31_03_rosbag2_2023_09_29-15_31_03_202_cam_fc_51.jpg        = [1,6,1,3,2,1,1,1,0,0,0,3,1,0,1,4]
wiesn_dataset_v1_rosbag2_2023_09_29-15_31_03_rosbag2_2023_09_29-15_31_03_204_cam_fc_47.jpg        = [1,6,1,3,2,1,1,1,0,0,0,3,1,0,1,4]
